# R1=Unsorted_array R2=Sorted_array R3=Singly_linked_unsorted R4=Singly_linked_sorted R5=Doubly_linked_unsorted R6=Doubly_linked_sorted
# metric=dominant_step_count; experiment targets worst-case configurations
# n R1_Search R1_Insert R1_Delete R1_Maximum R1_Minimum R1_Predecessor R1_Successor R2_Search R2_Insert R2_Delete R2_Maximum R2_Minimum R2_Predecessor R2_Successor R3_Search R3_Insert R3_Delete R3_Maximum R3_Minimum R3_Predecessor R3_Successor R4_Search R4_Insert R4_Delete R4_Maximum R4_Minimum R4_Predecessor R4_Successor R5_Search R5_Insert R5_Delete R5_Maximum R5_Minimum R5_Predecessor R5_Successor R6_Search R6_Insert R6_Delete R6_Maximum R6_Minimum R6_Predecessor R6_Successor
64 64 1 1 63 63 64 64 7 64 63 1 1 1 1 64 1 63 63 63 64 64 64 63 63 1 1 63 1 64 1 1 63 63 64 64 64 63 1 1 1 1 1
753 753 1 1 752 752 753 753 10 753 752 1 1 1 1 753 1 752 752 752 753 753 753 752 752 1 1 752 1 753 1 1 752 752 753 753 753 752 1 1 1 1 1
1442 1442 1 1 1441 1441 1442 1442 11 1442 1441 1 1 1 1 1442 1 1441 1441 1441 1442 1442 1442 1441 1441 1 1 1441 1 1442 1 1 1441 1441 1442 1442 1442 1441 1 1 1 1 1
2131 2131 1 1 2130 2130 2131 2131 12 2131 2130 1 1 1 1 2131 1 2130 2130 2130 2131 2131 2131 2130 2130 1 1 2130 1 2131 1 1 2130 2130 2131 2131 2131 2130 1 1 1 1 1
2820 2820 1 1 2819 2819 2820 2820 12 2820 2819 1 1 1 1 2820 1 2819 2819 2819 2820 2820 2820 2819 2819 1 1 2819 1 2820 1 1 2819 2819 2820 2820 2820 2819 1 1 1 1 1
3509 3509 1 1 3508 3508 3509 3509 12 3509 3508 1 1 1 1 3509 1 3508 3508 3508 3509 3509 3509 3508 3508 1 1 3508 1 3509 1 1 3508 3508 3509 3509 3509 3508 1 1 1 1 1
4199 4199 1 1 4198 4198 4199 4199 13 4199 4198 1 1 1 1 4199 1 4198 4198 4198 4199 4199 4199 4198 4198 1 1 4198 1 4199 1 1 4198 4198 4199 4199 4199 4198 1 1 1 1 1
4888 4888 1 1 4887 4887 4888 4888 13 4888 4887 1 1 1 1 4888 1 4887 4887 4887 4888 4888 4888 4887 4887 1 1 4887 1 4888 1 1 4887 4887 4888 4888 4888 4887 1 1 1 1 1
5577 5577 1 1 5576 5576 5577 5577 13 5577 5576 1 1 1 1 5577 1 5576 5576 5576 5577 5577 5577 5576 5576 1 1 5576 1 5577 1 1 5576 5576 5577 5577 5577 5576 1 1 1 1 1
6266 6266 1 1 6265 6265 6266 6266 13 6266 6265 1 1 1 1 6266 1 6265 6265 6265 6266 6266 6266 6265 6265 1 1 6265 1 6266 1 1 6265 6265 6266 6266 6266 6265 1 1 1 1 1
6955 6955 1 1 6954 6954 6955 6955 13 6955 6954 1 1 1 1 6955 1 6954 6954 6954 6955 6955 6955 6954 6954 1 1 6954 1 6955 1 1 6954 6954 6955 6955 6955 6954 1 1 1 1 1
7644 7644 1 1 7643 7643 7644 7644 13 7644 7643 1 1 1 1 7644 1 7643 7643 7643 7644 7644 7644 7643 7643 1 1 7643 1 7644 1 1 7643 7643 7644 7644 7644 7643 1 1 1 1 1
8334 8334 1 1 8333 8333 8334 8334 14 8334 8333 1 1 1 1 8334 1 8333 8333 8333 8334 8334 8334 8333 8333 1 1 8333 1 8334 1 1 8333 8333 8334 8334 8334 8333 1 1 1 1 1
9023 9023 1 1 9022 9022 9023 9023 14 9023 9022 1 1 1 1 9023 1 9022 9022 9022 9023 9023 9023 9022 9022 1 1 9022 1 9023 1 1 9022 9022 9023 9023 9023 9022 1 1 1 1 1
9712 9712 1 1 9711 9711 9712 9712 14 9712 9711 1 1 1 1 9712 1 9711 9711 9711 9712 9712 9712 9711 9711 1 1 9711 1 9712 1 1 9711 9711 9712 9712 9712 9711 1 1 1 1 1
10401 10401 1 1 10400 10400 10401 10401 14 10401 10400 1 1 1 1 10401 1 10400 10400 10400 10401 10401 10401 10400 10400 1 1 10400 1 10401 1 1 10400 10400 10401 10401 10401 10400 1 1 1 1 1
11090 11090 1 1 11089 11089 11090 11090 14 11090 11089 1 1 1 1 11090 1 11089 11089 11089 11090 11090 11090 11089 11089 1 1 11089 1 11090 1 1 11089 11089 11090 11090 11090 11089 1 1 1 1 1
11780 11780 1 1 11779 11779 11780 11780 14 11780 11779 1 1 1 1 11780 1 11779 11779 11779 11780 11780 11780 11779 11779 1 1 11779 1 11780 1 1 11779 11779 11780 11780 11780 11779 1 1 1 1 1
12469 12469 1 1 12468 12468 12469 12469 14 12469 12468 1 1 1 1 12469 1 12468 12468 12468 12469 12469 12469 12468 12468 1 1 12468 1 12469 1 1 12468 12468 12469 12469 12469 12468 1 1 1 1 1
13158 13158 1 1 13157 13157 13158 13158 14 13158 13157 1 1 1 1 13158 1 13157 13157 13157 13158 13158 13158 13157 13157 1 1 13157 1 13158 1 1 13157 13157 13158 13158 13158 13157 1 1 1 1 1
13847 13847 1 1 13846 13846 13847 13847 14 13847 13846 1 1 1 1 13847 1 13846 13846 13846 13847 13847 13847 13846 13846 1 1 13846 1 13847 1 1 13846 13846 13847 13847 13847 13846 1 1 1 1 1
14536 14536 1 1 14535 14535 14536 14536 14 14536 14535 1 1 1 1 14536 1 14535 14535 14535 14536 14536 14536 14535 14535 1 1 14535 1 14536 1 1 14535 14535 14536 14536 14536 14535 1 1 1 1 1
15225 15225 1 1 15224 15224 15225 15225 14 15225 15224 1 1 1 1 15225 1 15224 15224 15224 15225 15225 15225 15224 15224 1 1 15224 1 15225 1 1 15224 15224 15225 15225 15225 15224 1 1 1 1 1
15915 15915 1 1 15914 15914 15915 15915 14 15915 15914 1 1 1 1 15915 1 15914 15914 15914 15915 15915 15915 15914 15914 1 1 15914 1 15915 1 1 15914 15914 15915 15915 15915 15914 1 1 1 1 1
16604 16604 1 1 16603 16603 16604 16604 15 16604 16603 1 1 1 1 16604 1 16603 16603 16603 16604 16604 16604 16603 16603 1 1 16603 1 16604 1 1 16603 16603 16604 16604 16604 16603 1 1 1 1 1
17293 17293 1 1 17292 17292 17293 17293 15 17293 17292 1 1 1 1 17293 1 17292 17292 17292 17293 17293 17293 17292 17292 1 1 17292 1 17293 1 1 17292 17292 17293 17293 17293 17292 1 1 1 1 1
17982 17982 1 1 17981 17981 17982 17982 15 17982 17981 1 1 1 1 17982 1 17981 17981 17981 17982 17982 17982 17981 17981 1 1 17981 1 17982 1 1 17981 17981 17982 17982 17982 17981 1 1 1 1 1
18671 18671 1 1 18670 18670 18671 18671 15 18671 18670 1 1 1 1 18671 1 18670 18670 18670 18671 18671 18671 18670 18670 1 1 18670 1 18671 1 1 18670 18670 18671 18671 18671 18670 1 1 1 1 1
19361 19361 1 1 19360 19360 19361 19361 15 19361 19360 1 1 1 1 19361 1 19360 19360 19360 19361 19361 19361 19360 19360 1 1 19360 1 19361 1 1 19360 19360 19361 19361 19361 19360 1 1 1 1 1
20050 20050 1 1 20049 20049 20050 20050 15 20050 20049 1 1 1 1 20050 1 20049 20049 20049 20050 20050 20050 20049 20049 1 1 20049 1 20050 1 1 20049 20049 20050 20050 20050 20049 1 1 1 1 1
20739 20739 1 1 20738 20738 20739 20739 15 20739 20738 1 1 1 1 20739 1 20738 20738 20738 20739 20739 20739 20738 20738 1 1 20738 1 20739 1 1 20738 20738 20739 20739 20739 20738 1 1 1 1 1
21428 21428 1 1 21427 21427 21428 21428 15 21428 21427 1 1 1 1 21428 1 21427 21427 21427 21428 21428 21428 21427 21427 1 1 21427 1 21428 1 1 21427 21427 21428 21428 21428 21427 1 1 1 1 1
22117 22117 1 1 22116 22116 22117 22117 15 22117 22116 1 1 1 1 22117 1 22116 22116 22116 22117 22117 22117 22116 22116 1 1 22116 1 22117 1 1 22116 22116 22117 22117 22117 22116 1 1 1 1 1
22806 22806 1 1 22805 22805 22806 22806 15 22806 22805 1 1 1 1 22806 1 22805 22805 22805 22806 22806 22806 22805 22805 1 1 22805 1 22806 1 1 22805 22805 22806 22806 22806 22805 1 1 1 1 1
23496 23496 1 1 23495 23495 23496 23496 15 23496 23495 1 1 1 1 23496 1 23495 23495 23495 23496 23496 23496 23495 23495 1 1 23495 1 23496 1 1 23495 23495 23496 23496 23496 23495 1 1 1 1 1
24185 24185 1 1 24184 24184 24185 24185 15 24185 24184 1 1 1 1 24185 1 24184 24184 24184 24185 24185 24185 24184 24184 1 1 24184 1 24185 1 1 24184 24184 24185 24185 24185 24184 1 1 1 1 1
24874 24874 1 1 24873 24873 24874 24874 15 24874 24873 1 1 1 1 24874 1 24873 24873 24873 24874 24874 24874 24873 24873 1 1 24873 1 24874 1 1 24873 24873 24874 24874 24874 24873 1 1 1 1 1
25563 25563 1 1 25562 25562 25563 25563 15 25563 25562 1 1 1 1 25563 1 25562 25562 25562 25563 25563 25563 25562 25562 1 1 25562 1 25563 1 1 25562 25562 25563 25563 25563 25562 1 1 1 1 1
26252 26252 1 1 26251 26251 26252 26252 15 26252 26251 1 1 1 1 26252 1 26251 26251 26251 26252 26252 26252 26251 26251 1 1 26251 1 26252 1 1 26251 26251 26252 26252 26252 26251 1 1 1 1 1
26941 26941 1 1 26940 26940 26941 26941 15 26941 26940 1 1 1 1 26941 1 26940 26940 26940 26941 26941 26941 26940 26940 1 1 26940 1 26941 1 1 26940 26940 26941 26941 26941 26940 1 1 1 1 1
27631 27631 1 1 27630 27630 27631 27631 15 27631 27630 1 1 1 1 27631 1 27630 27630 27630 27631 27631 27631 27630 27630 1 1 27630 1 27631 1 1 27630 27630 27631 27631 27631 27630 1 1 1 1 1
28320 28320 1 1 28319 28319 28320 28320 15 28320 28319 1 1 1 1 28320 1 28319 28319 28319 28320 28320 28320 28319 28319 1 1 28319 1 28320 1 1 28319 28319 28320 28320 28320 28319 1 1 1 1 1
29009 29009 1 1 29008 29008 29009 29009 15 29009 29008 1 1 1 1 29009 1 29008 29008 29008 29009 29009 29009 29008 29008 1 1 29008 1 29009 1 1 29008 29008 29009 29009 29009 29008 1 1 1 1 1
29698 29698 1 1 29697 29697 29698 29698 15 29698 29697 1 1 1 1 29698 1 29697 29697 29697 29698 29698 29698 29697 29697 1 1 29697 1 29698 1 1 29697 29697 29698 29698 29698 29697 1 1 1 1 1
30387 30387 1 1 30386 30386 30387 30387 15 30387 30386 1 1 1 1 30387 1 30386 30386 30386 30387 30387 30387 30386 30386 1 1 30386 1 30387 1 1 30386 30386 30387 30387 30387 30386 1 1 1 1 1
31077 31077 1 1 31076 31076 31077 31077 15 31077 31076 1 1 1 1 31077 1 31076 31076 31076 31077 31077 31077 31076 31076 1 1 31076 1 31077 1 1 31076 31076 31077 31077 31077 31076 1 1 1 1 1
31766 31766 1 1 31765 31765 31766 31766 15 31766 31765 1 1 1 1 31766 1 31765 31765 31765 31766 31766 31766 31765 31765 1 1 31765 1 31766 1 1 31765 31765 31766 31766 31766 31765 1 1 1 1 1
32455 32455 1 1 32454 32454 32455 32455 15 32455 32454 1 1 1 1 32455 1 32454 32454 32454 32455 32455 32455 32454 32454 1 1 32454 1 32455 1 1 32454 32454 32455 32455 32455 32454 1 1 1 1 1
33144 33144 1 1 33143 33143 33144 33144 16 33144 33143 1 1 1 1 33144 1 33143 33143 33143 33144 33144 33144 33143 33143 1 1 33143 1 33144 1 1 33143 33143 33144 33144 33144 33143 1 1 1 1 1
33833 33833 1 1 33832 33832 33833 33833 16 33833 33832 1 1 1 1 33833 1 33832 33832 33832 33833 33833 33833 33832 33832 1 1 33832 1 33833 1 1 33832 33832 33833 33833 33833 33832 1 1 1 1 1
34522 34522 1 1 34521 34521 34522 34522 16 34522 34521 1 1 1 1 34522 1 34521 34521 34521 34522 34522 34522 34521 34521 1 1 34521 1 34522 1 1 34521 34521 34522 34522 34522 34521 1 1 1 1 1
35212 35212 1 1 35211 35211 35212 35212 16 35212 35211 1 1 1 1 35212 1 35211 35211 35211 35212 35212 35212 35211 35211 1 1 35211 1 35212 1 1 35211 35211 35212 35212 35212 35211 1 1 1 1 1
35901 35901 1 1 35900 35900 35901 35901 16 35901 35900 1 1 1 1 35901 1 35900 35900 35900 35901 35901 35901 35900 35900 1 1 35900 1 35901 1 1 35900 35900 35901 35901 35901 35900 1 1 1 1 1
36590 36590 1 1 36589 36589 36590 36590 16 36590 36589 1 1 1 1 36590 1 36589 36589 36589 36590 36590 36590 36589 36589 1 1 36589 1 36590 1 1 36589 36589 36590 36590 36590 36589 1 1 1 1 1
37279 37279 1 1 37278 37278 37279 37279 16 37279 37278 1 1 1 1 37279 1 37278 37278 37278 37279 37279 37279 37278 37278 1 1 37278 1 37279 1 1 37278 37278 37279 37279 37279 37278 1 1 1 1 1
37968 37968 1 1 37967 37967 37968 37968 16 37968 37967 1 1 1 1 37968 1 37967 37967 37967 37968 37968 37968 37967 37967 1 1 37967 1 37968 1 1 37967 37967 37968 37968 37968 37967 1 1 1 1 1
38658 38658 1 1 38657 38657 38658 38658 16 38658 38657 1 1 1 1 38658 1 38657 38657 38657 38658 38658 38658 38657 38657 1 1 38657 1 38658 1 1 38657 38657 38658 38658 38658 38657 1 1 1 1 1
39347 39347 1 1 39346 39346 39347 39347 16 39347 39346 1 1 1 1 39347 1 39346 39346 39346 39347 39347 39347 39346 39346 1 1 39346 1 39347 1 1 39346 39346 39347 39347 39347 39346 1 1 1 1 1
40036 40036 1 1 40035 40035 40036 40036 16 40036 40035 1 1 1 1 40036 1 40035 40035 40035 40036 40036 40036 40035 40035 1 1 40035 1 40036 1 1 40035 40035 40036 40036 40036 40035 1 1 1 1 1
40725 40725 1 1 40724 40724 40725 40725 16 40725 40724 1 1 1 1 40725 1 40724 40724 40724 40725 40725 40725 40724 40724 1 1 40724 1 40725 1 1 40724 40724 40725 40725 40725 40724 1 1 1 1 1
41414 41414 1 1 41413 41413 41414 41414 16 41414 41413 1 1 1 1 41414 1 41413 41413 41413 41414 41414 41414 41413 41413 1 1 41413 1 41414 1 1 41413 41413 41414 41414 41414 41413 1 1 1 1 1
42103 42103 1 1 42102 42102 42103 42103 16 42103 42102 1 1 1 1 42103 1 42102 42102 42102 42103 42103 42103 42102 42102 1 1 42102 1 42103 1 1 42102 42102 42103 42103 42103 42102 1 1 1 1 1
42793 42793 1 1 42792 42792 42793 42793 16 42793 42792 1 1 1 1 42793 1 42792 42792 42792 42793 42793 42793 42792 42792 1 1 42792 1 42793 1 1 42792 42792 42793 42793 42793 42792 1 1 1 1 1
43482 43482 1 1 43481 43481 43482 43482 16 43482 43481 1 1 1 1 43482 1 43481 43481 43481 43482 43482 43482 43481 43481 1 1 43481 1 43482 1 1 43481 43481 43482 43482 43482 43481 1 1 1 1 1
44171 44171 1 1 44170 44170 44171 44171 16 44171 44170 1 1 1 1 44171 1 44170 44170 44170 44171 44171 44171 44170 44170 1 1 44170 1 44171 1 1 44170 44170 44171 44171 44171 44170 1 1 1 1 1
44860 44860 1 1 44859 44859 44860 44860 16 44860 44859 1 1 1 1 44860 1 44859 44859 44859 44860 44860 44860 44859 44859 1 1 44859 1 44860 1 1 44859 44859 44860 44860 44860 44859 1 1 1 1 1
45549 45549 1 1 45548 45548 45549 45549 16 45549 45548 1 1 1 1 45549 1 45548 45548 45548 45549 45549 45549 45548 45548 1 1 45548 1 45549 1 1 45548 45548 45549 45549 45549 45548 1 1 1 1 1
46238 46238 1 1 46237 46237 46238 46238 16 46238 46237 1 1 1 1 46238 1 46237 46237 46237 46238 46238 46238 46237 46237 1 1 46237 1 46238 1 1 46237 46237 46238 46238 46238 46237 1 1 1 1 1
46928 46928 1 1 46927 46927 46928 46928 16 46928 46927 1 1 1 1 46928 1 46927 46927 46927 46928 46928 46928 46927 46927 1 1 46927 1 46928 1 1 46927 46927 46928 46928 46928 46927 1 1 1 1 1
47617 47617 1 1 47616 47616 47617 47617 16 47617 47616 1 1 1 1 47617 1 47616 47616 47616 47617 47617 47617 47616 47616 1 1 47616 1 47617 1 1 47616 47616 47617 47617 47617 47616 1 1 1 1 1
48306 48306 1 1 48305 48305 48306 48306 16 48306 48305 1 1 1 1 48306 1 48305 48305 48305 48306 48306 48306 48305 48305 1 1 48305 1 48306 1 1 48305 48305 48306 48306 48306 48305 1 1 1 1 1
48995 48995 1 1 48994 48994 48995 48995 16 48995 48994 1 1 1 1 48995 1 48994 48994 48994 48995 48995 48995 48994 48994 1 1 48994 1 48995 1 1 48994 48994 48995 48995 48995 48994 1 1 1 1 1
49684 49684 1 1 49683 49683 49684 49684 16 49684 49683 1 1 1 1 49684 1 49683 49683 49683 49684 49684 49684 49683 49683 1 1 49683 1 49684 1 1 49683 49683 49684 49684 49684 49683 1 1 1 1 1
50374 50374 1 1 50373 50373 50374 50374 16 50374 50373 1 1 1 1 50374 1 50373 50373 50373 50374 50374 50374 50373 50373 1 1 50373 1 50374 1 1 50373 50373 50374 50374 50374 50373 1 1 1 1 1
51063 51063 1 1 51062 51062 51063 51063 16 51063 51062 1 1 1 1 51063 1 51062 51062 51062 51063 51063 51063 51062 51062 1 1 51062 1 51063 1 1 51062 51062 51063 51063 51063 51062 1 1 1 1 1
51752 51752 1 1 51751 51751 51752 51752 16 51752 51751 1 1 1 1 51752 1 51751 51751 51751 51752 51752 51752 51751 51751 1 1 51751 1 51752 1 1 51751 51751 51752 51752 51752 51751 1 1 1 1 1
52441 52441 1 1 52440 52440 52441 52441 16 52441 52440 1 1 1 1 52441 1 52440 52440 52440 52441 52441 52441 52440 52440 1 1 52440 1 52441 1 1 52440 52440 52441 52441 52441 52440 1 1 1 1 1
53130 53130 1 1 53129 53129 53130 53130 16 53130 53129 1 1 1 1 53130 1 53129 53129 53129 53130 53130 53130 53129 53129 1 1 53129 1 53130 1 1 53129 53129 53130 53130 53130 53129 1 1 1 1 1
53819 53819 1 1 53818 53818 53819 53819 16 53819 53818 1 1 1 1 53819 1 53818 53818 53818 53819 53819 53819 53818 53818 1 1 53818 1 53819 1 1 53818 53818 53819 53819 53819 53818 1 1 1 1 1
54509 54509 1 1 54508 54508 54509 54509 16 54509 54508 1 1 1 1 54509 1 54508 54508 54508 54509 54509 54509 54508 54508 1 1 54508 1 54509 1 1 54508 54508 54509 54509 54509 54508 1 1 1 1 1
55198 55198 1 1 55197 55197 55198 55198 16 55198 55197 1 1 1 1 55198 1 55197 55197 55197 55198 55198 55198 55197 55197 1 1 55197 1 55198 1 1 55197 55197 55198 55198 55198 55197 1 1 1 1 1
55887 55887 1 1 55886 55886 55887 55887 16 55887 55886 1 1 1 1 55887 1 55886 55886 55886 55887 55887 55887 55886 55886 1 1 55886 1 55887 1 1 55886 55886 55887 55887 55887 55886 1 1 1 1 1
56576 56576 1 1 56575 56575 56576 56576 16 56576 56575 1 1 1 1 56576 1 56575 56575 56575 56576 56576 56576 56575 56575 1 1 56575 1 56576 1 1 56575 56575 56576 56576 56576 56575 1 1 1 1 1
57265 57265 1 1 57264 57264 57265 57265 16 57265 57264 1 1 1 1 57265 1 57264 57264 57264 57265 57265 57265 57264 57264 1 1 57264 1 57265 1 1 57264 57264 57265 57265 57265 57264 1 1 1 1 1
57955 57955 1 1 57954 57954 57955 57955 16 57955 57954 1 1 1 1 57955 1 57954 57954 57954 57955 57955 57955 57954 57954 1 1 57954 1 57955 1 1 57954 57954 57955 57955 57955 57954 1 1 1 1 1
58644 58644 1 1 58643 58643 58644 58644 16 58644 58643 1 1 1 1 58644 1 58643 58643 58643 58644 58644 58644 58643 58643 1 1 58643 1 58644 1 1 58643 58643 58644 58644 58644 58643 1 1 1 1 1
59333 59333 1 1 59332 59332 59333 59333 16 59333 59332 1 1 1 1 59333 1 59332 59332 59332 59333 59333 59333 59332 59332 1 1 59332 1 59333 1 1 59332 59332 59333 59333 59333 59332 1 1 1 1 1
60022 60022 1 1 60021 60021 60022 60022 16 60022 60021 1 1 1 1 60022 1 60021 60021 60021 60022 60022 60022 60021 60021 1 1 60021 1 60022 1 1 60021 60021 60022 60022 60022 60021 1 1 1 1 1
60711 60711 1 1 60710 60710 60711 60711 16 60711 60710 1 1 1 1 60711 1 60710 60710 60710 60711 60711 60711 60710 60710 1 1 60710 1 60711 1 1 60710 60710 60711 60711 60711 60710 1 1 1 1 1
61400 61400 1 1 61399 61399 61400 61400 16 61400 61399 1 1 1 1 61400 1 61399 61399 61399 61400 61400 61400 61399 61399 1 1 61399 1 61400 1 1 61399 61399 61400 61400 61400 61399 1 1 1 1 1
62090 62090 1 1 62089 62089 62090 62090 16 62090 62089 1 1 1 1 62090 1 62089 62089 62089 62090 62090 62090 62089 62089 1 1 62089 1 62090 1 1 62089 62089 62090 62090 62090 62089 1 1 1 1 1
62779 62779 1 1 62778 62778 62779 62779 16 62779 62778 1 1 1 1 62779 1 62778 62778 62778 62779 62779 62779 62778 62778 1 1 62778 1 62779 1 1 62778 62778 62779 62779 62779 62778 1 1 1 1 1
63468 63468 1 1 63467 63467 63468 63468 16 63468 63467 1 1 1 1 63468 1 63467 63467 63467 63468 63468 63468 63467 63467 1 1 63467 1 63468 1 1 63467 63467 63468 63468 63468 63467 1 1 1 1 1
64157 64157 1 1 64156 64156 64157 64157 16 64157 64156 1 1 1 1 64157 1 64156 64156 64156 64157 64157 64157 64156 64156 1 1 64156 1 64157 1 1 64156 64156 64157 64157 64157 64156 1 1 1 1 1
64846 64846 1 1 64845 64845 64846 64846 16 64846 64845 1 1 1 1 64846 1 64845 64845 64845 64846 64846 64846 64845 64845 1 1 64845 1 64846 1 1 64845 64845 64846 64846 64846 64845 1 1 1 1 1
65536 65536 1 1 65535 65535 65536 65536 17 65536 65535 1 1 1 1 65536 1 65535 65535 65535 65536 65536 65536 65535 65535 1 1 65535 1 65536 1 1 65535 65535 65536 65536 65536 65535 1 1 1 1 1
